1 1168 1584
2 1664 116
2 1664 116
2 1664 116
2 1664 116
2 1664 116
2 1664 116
2 1664 116
2 1664 116
2 1664 116
2 1664 116
2 1664 116
2 1664 116
2 1664 116
2 1664 116
2 1664 116
2 1664 116
2 1664 116
2 1664 116
2 1664 116
2 1664 134
3 1152 1584
4 1136 1568
5 1136 1568
6 1136 1568
7 1136 1568
8 1120 1568
9 1120 1568
10 1144 1586
11 1120 1568
12 1160 1590
13 1128 1576
14 1120 1568
15 1144 1584
16 1120 1568
17 1120 1568
18 1128 1575
19 1120 1568
20 1136 1581
21 1152 1593
22 1120 1568
23 1120 1568
24 1152 1588
25 1136 1579
26 1144 1585
27 1128 1575
28 1120 1570
29 1136 1579
30 1120 1568
31 1136 1579
32 1144 1584
33 1120 1568
34 1120 1568
35 1128 1574
36 1120 1568
37 1120 1568
38 1120 1568
39 1120 1568
40 1120 1568
41 1136 1579
42 1120 1568
43 1120 1568
44 1120 1568
45 1120 1568
46 1120 1568
47 1120 1568
48 1128 1573
49 1120 1568
50 1120 1568
51 1120 1568
52 1136 1580
53 1120 1568
54 1120 1568
55 1128 1575
56 1120 1570
57 1128 1572
58 1120 1568
59 1128 1574
60 1128 1573
61 1120 1568
62 1120 1568
63 1128 1572
64 1120 1568
65 1120 1568
66 1120 1568
67 1136 1581
68 1120 1570
69 1144 1584
70 1144 1583
71 1120 1568
72 1136 1578
73 1136 1580
74 1120 1568
75 1144 1583
76 1144 1584
77 1160 1597
78 1128 1576
79 1152 1591
80 1144 1587
81 1120 1568
82 1128 1575
83 1120 1568
84 1120 1568
85 1120 1568
86 1120 1568
87 1120 1568
88 1120 1568
89 1144 1586
90 1144 1586
91 1128 1572
92 1120 1568
93 1128 1573
94 1120 1568
95 1120 1568
96 1160 1594
97 1120 1568
98 1136 1580
99 1120 1568
100 1120 1568
101 1120 1568
102 1120 1568
103 1144 1585
104 1120 1568
105 1120 1568
106 1128 1575
107 1160 1594
108 1136 1582
109 1120 1568
110 1120 1568
111 1136 1581
112 1136 1577
113 1120 1568
114 1144 1586
115 1120 1568
116 1152 1592
117 1120 1570
118 1120 1568
119 1120 1568
120 1120 1568
121 1120 1568
122 1144 1588
123 1120 1568
124 1144 1583
125 1120 1568
126 1120 1568
127 1144 1583
128 1120 1568
129 1120 1568
130 1152 1589
131 1120 1568
132 1120 1568
133 1128 1572
134 1120 1568
135 1120 1568
136 1136 1578
137 1120 1568
138 1120 1568
139 1120 1568
140 1120 1568
141 1120 1568
142 1120 1568
143 1120 1568
144 1120 1568
145 1120 1570
146 1136 1579
147 1120 1568
148 1168 1600
149 1120 1568
150 1160 1595
151 1168 1602
152 1192 1617
153 1128 1575
154 1120 1568
155 1120 1568
156 1160 1597
157 1120 1570
158 1160 1596
159 1120 1570
160 1120 1568
161 1120 1568
162 1136 1578
163 1136 1581
164 1152 1589
165 1128 1573
166 1120 1568
167 1136 1579
168 1136 1579
169 1120 1568
170 1144 1583
171 1120 1568
172 1120 1568
173 1120 1568
174 1120 1568
175 1120 1568
176 1120 1568
177 1120 1568
178 1144 1584
179 1144 1582
180 1120 1568
181 1120 1568
182 1120 1570
183 1120 1568
184 1120 1568
185 1120 1568
186 1120 1568
187 1136 1582
188 1120 1568
189 1128 1575
190 1136 1582
191 1120 1570
192 1152 1589
193 1144 1584
194 1120 1568
195 1120 1568
196 1128 1573
197 1120 1568
198 1120 1570
199 1144 1583
200 1128 1575
201 1128 1575
202 1120 1568
203 1120 1568
204 1120 1568
205 1120 1568
206 1120 1568
207 1120 1568
208 1120 1568
209 1136 1578
210 1120 1570
211 1128 1575
212 1152 1593
213 1128 1573
214 1128 1573
215 1120 1568
216 1120 1568
217 1120 1568
218 1120 1568
219 1136 1580
220 1144 1583
221 1120 1570
222 1120 1568
223 1120 1568
224 1120 1568
225 1120 1568
226 1120 1568
227 1120 1568
228 1128 1575
229 1120 1568
230 1120 1568
231 1120 1568
232 1128 1574
233 1120 1568
234 1120 1568
235 1120 1568
236 1120 1568
237 1136 1581
238 1120 1570
239 1136 1578
240 1160 1595
241 1120 1568
242 1120 1568
243 1152 1590
244 1128 1572
245 1120 1568
246 1120 1568
247 1136 1578
248 1144 1583
249 1120 1568
250 1120 1568
251 1128 1575
252 1120 1568
253 1120 1568
254 1136 1581
255 1128 1572
256 1120 1570
257 1136 1578
258 1136 1580
259 1152 1593
260 1120 1570
261 1120 1568
262 1120 1568
263 1136 1580
264 1128 1573
265 1120 1568
266 1152 1591
267 1120 1568
268 1120 1570
269 1120 1570
270 1120 1568
271 1136 1581
272 1120 1568
273 1120 1568
274 1128 1575
275 1136 1577
276 1120 1568
277 1120 1568
278 1136 1578
279 1128 1572
280 1128 1572
281 1144 1587
282 1152 1590
283 1120 1568
284 1128 1573
285 1144 1585
286 1120 1568
287 1128 1573
288 1168 1601
289 1120 1568
290 1120 1568
291 1128 1575
292 1136 1581
293 1120 1568
294 1120 1568
295 1144 1586
296 1144 1585
297 1144 1585
298 1120 1568
299 1120 1568
300 1120 1568
301 1120 1568
302 1136 1580
303 1144 1583
304 1120 1568
305 1120 1568
306 1120 1568
307 1128 1572
308 1120 1568
309 1136 1578
310 1120 1568
311 1128 1575
312 1144 1586
313 1160 1595
314 1136 1577
315 1136 1580
316 1136 1578
317 1136 1581
318 1120 1570
319 1136 1578
320 1120 1568
321 1128 1572
322 1120 1568
323 1136 1582
324 1120 1568
325 1144 1584
326 1120 1568
327 1144 1587
328 1120 1568
329 1120 1568
330 1120 1568
331 1120 1568
332 1120 1568
333 1136 1577
334 1120 1568
335 1144 1584
336 1120 1568
337 1128 1575
338 1128 1575
339 1120 1568
340 1120 1568
341 1128 1573
342 1136 1581
343 1144 1582
344 1120 1568
345 1128 1573
346 1120 1568
347 1136 1579
348 1120 1568
349 1120 1568
350 1160 1599
351 1144 1587
352 1120 1568
353 1120 1568
354 1120 1568
355 1120 1568
356 1120 1568
357 1160 1596
358 1176 1607
359 1144 1586
360 1136 1577
361 1120 1568
362 1168 1602
363 1136 1582
364 1128 1572
365 1144 1586
366 1144 1587
367 1144 1582
368 1152 1590
369 1136 1581
370 1120 1568
371 1136 1578
372 1128 1576
373 1136 1581
374 1120 1568
375 1120 1570
376 1144 1584
377 1120 1568
378 1176 1606
379 1128 1576
380 1120 1568
381 1136 1577
382 1120 1568
383 1120 1568
384 1120 1568
385 1136 1580
386 1128 1576
387 1144 1583
388 1120 1568
389 1144 1583
390 1120 1568
391 1144 1583
392 1120 1568
393 1144 1583
394 1120 1568
395 1128 1576
396 1136 1578
397 1136 1582
398 1120 1568
399 1144 1588
400 1128 1575
401 1136 1580
402 1152 1588
403 1120 1568
404 1120 1568
405 1128 1575
406 1120 1568
407 1120 1568
408 1120 1568
409 1136 1578
410 1120 1568
411 1120 1568
412 1120 1568
413 1136 1580
414 1120 1568
415 1120 1568
416 1128 1573
417 1136 1577
418 1144 1584
419 1144 1585
420 1120 1568
421 1120 1568
422 1120 1568
423 1136 1582
424 1120 1568
425 1120 1568
426 1152 1590
427 1120 1568
428 1144 1584
429 1120 1568
430 1120 1568
431 1152 1589
432 1128 1576
433 1136 1577
434 1136 1577
435 1120 1568
436 1144 1578
437 1136 1580
438 1120 1568
439 1120 1568
440 1160 1595
441 1120 1568
442 1120 1568
443 1168 1602
444 1128 1574
445 1120 1568
446 1120 1568
447 1120 1568
448 1120 1568
449 1120 1568
450 1128 1576
451 1144 1584
452 1136 1579
453 1120 1568
454 1120 1568
455 1152 1590
456 1128 1575
457 1128 1574
458 1120 1568
459 1144 1585
460 1160 1593
461 1120 1568
462 1120 1568
463 1152 1589
464 1144 1583
465 1152 1588
466 1128 1576
467 1136 1577
468 1120 1568
469 1136 1579
470 1144 1583
471 1144 1583
472 1144 1582
473 1120 1568
474 1120 1568
475 1144 1584
476 1120 1568
477 1144 1584
478 1144 1584
479 1120 1568
480 1152 1592
481 1128 1573
482 1144 1583
483 1120 1568
484 1120 1568
485 1152 1591
486 1136 1578
487 1136 1581
488 1120 1568
489 1136 1580
490 1128 1575
491 1120 1568
492 1120 1568
493 1120 1568
494 1136 1577
495 1144 1587
496 1144 1587
497 1120 1568
498 1120 1568
499 1152 1591
500 1120 1568
501 1120 1568
502 1120 1568
503 1144 1586
504 1136 1580
505 1120 1568
506 1120 1568
507 1128 1576
508 1152 1593
509 1120 1568
510 1136 1579
511 1160 1596
512 1136 1582
513 1128 1573
514 1120 1568
515 1120 1568
516 1128 1573
517 1128 1576
518 1120 1568
519 1152 1589
520 1120 1568
521 1120 1568
522 1144 1586
523 1120 1568
524 1128 1575
525 1120 1568
526 1120 1568
527 1144 1586
528 1152 1591
529 1144 1586
530 1152 1590
531 1136 1580
532 1168 1601
533 1120 1568
534 1144 1583
535 1120 1568
536 1120 1568
537 1144 1584
538 1120 1568
539 2483 3508
540 1128 1575
541 1120 1568
542 1120 1568
543 1120 1568
544 1120 1568
545 1160 1595
546 1120 1568
547 1144 1582
548 1120 1568
549 1192 1621
550 1120 1568
551 1120 1568
552 1128 1576
553 1152 1592
554 1120 1568
555 1144 1586
556 1144 1587
557 1120 1568
558 1152 1592
559 1144 1586
560 1136 1581
561 1120 1568
562 1128 1576
563 1144 1585
564 1136 1582
565 1144 1585
566 1120 1568
567 1144 1585
568 1120 1568
569 1120 1568
570 1120 1568
571 1128 1572
572 1120 1568
573 1136 1579
574 1144 1582
575 1144 1584
576 1120 1568
577 1120 1568
578 1144 1585
579 1136 1580
580 1120 1568
581 1120 1568
582 1120 1568
583 1144 1585
584 1152 1589
585 1136 1578
586 1120 1568
587 1136 1580
588 1120 1568
589 1120 1568
590 1120 1568
591 1144 1584
592 1136 1580
593 1136 1577
594 1144 1587
595 1128 1572
596 1136 1579
597 1120 1568
598 1136 1581
599 1120 1568
600 1120 1568
601 1120 1568
602 1120 1568
603 1120 1568
604 1136 1577
605 1120 1568
606 1136 1580
607 1120 1568
608 1136 1580
609 1120 1568
610 1136 1582
611 1120 1568
612 1144 1588
613 1120 1568
614 1128 1574
615 1120 1570
616 1144 1583
617 1136 1578
618 1160 1596
619 1120 1570
620 1120 1568
621 1120 1569
622 1120 1568
623 1144 1582
624 1152 1590
625 1120 1568
626 1120 1568
627 1120 1568
628 1120 1568
629 1120 1568
630 1120 1568
631 1136 1579
632 1144 1584
633 1120 1568
634 1136 1582
635 1120 1568
636 1152 1591
637 1120 1568
638 1120 1568
639 1136 1577
640 1120 1568
641 1136 1577
642 1136 1577
643 1136 1579
644 1120 1568
645 1120 1568
646 1120 1568
647 1144 1584
648 1120 1568
649 1136 1582
650 1120 1568
651 1120 1568
652 1120 1568
653 1120 1568
654 1120 1568
655 1120 1568
656 1136 1579
657 1120 1568
658 1120 1568
659 1120 1568
660 1144 1585
661 1120 1568
662 1136 1582
663 1144 1585
664 1120 1568
665 1120 1568
666 1120 1568
667 1128 1573
668 1120 1568
669 1136 1579
670 1144 1585
671 1120 1568
672 1120 1568
673 1128 1575
674 1144 1585
675 1136 1577
676 1136 1578
677 1120 1568
678 1120 1568
679 1136 1579
680 1120 1568
681 1120 1568
682 1168 1601
683 1128 1573
684 1136 1578
685 1136 1581
686 1136 1577
687 1128 1575
688 1120 1568
689 1128 1572
690 1144 1583
691 1120 1568
692 1160 1596
693 1120 1568
694 1120 1568
695 1136 1581
696 1128 1575
697 1120 1568
698 1152 1592
699 1120 1568
700 1120 1568
701 1120 1568
702 1120 1568
703 1128 1572
704 1120 1568
705 1144 1585
706 1120 1568
707 1120 1568
708 1120 1568
709 1120 1568
710 1136 1579
711 1120 1568
712 1136 1580
713 1152 1591
714 1120 1568
715 1120 1568
716 1128 1575
717 1144 1582
718 1128 1575
719 1136 1580
720 1136 1578
721 1136 1578
722 1120 1568
723 1120 1568
724 1120 1568
725 1120 1568
726 1120 1568
727 1136 1580
728 1136 1578
729 1120 1568
730 1120 1568
731 1120 1568
732 1120 1570
733 1120 1568
734 1144 1587
735 1120 1568
736 1120 1568
737 1136 1577
738 1128 1576
739 1120 1568
740 1136 1578
741 1120 1568
742 1120 1568
743 1128 1571
744 1152 1589
745 1120 1570
746 1136 1582
747 1120 1568
748 1120 1568
749 1120 1568
750 1152 1591
751 1120 1568
752 1136 1579
753 1120 1568
754 1152 1593
755 1176 1606
756 1120 1568
757 1144 1585
758 1120 1568
759 1120 1568
760 1120 1568
761 1136 1580
762 1128 1575
763 1128 1575
764 1120 1568
765 1128 1576
766 1120 1568
767 1120 1568
768 1120 1568
769 1144 1588
770 1120 1570
771 1144 1583
772 1136 1580
773 1120 1568
774 1120 1570
775 1120 1570
